[System]
Version=0.0.2.0
MaxSamples=20000
TriggerI=1
TriggerU=1
ChIColor=255
ChUColor=16711680
TriggerUena=0
TriggerIena=0
[Setup]
Top=360
Left=1614
Width=1141
Height=648
ComPort=COM8
[INA219]
Iz40mV=0.095
Iz80mV=0.19
Iz160mV=0.155
Iz320mV=0.284
Uz=0
Ik=0.09475
Uk=0.0005024
[INA226]
Iz=0
Uz=0
Ik=0.02314
Uk=0.00125
[ADC]
Smps=50000
Chnl=9
UI=1
PGA20db=0
PGA2db5=0
Uk=1.984E-5
Uz=-0.009799
Ik=0.00039673
Iz=-0.0071562
